5 6 7447 5347 10163 2245 10235 5886 
5 5 5886 10303 5778 1248 6579 
1 5 6579 2860 10439 1723 959 
1 5 959 7065 3956 10495 10509 
1 4 10509 4378 10407 5051 
1 6 10207 4936 10288 10324 2712 959 
5 5 6579 2411 6340 1446 10462 
5 5 10462 10488 418 10558 4383 
5 6 4383 2045 10627 7063 3946 10620 
5 5 10620 2210 2516 10616 7109 
5 7 7109 10664 2024 505 10669 4561 4616 
5 5 4616 6514 2962 10717 5235 
5 4 4383 10653 10695 10738 
5 5 10738 10698 10689 10678 10683 
5 4 10683 4163 10758 363 
4 4 363 1356 10716 10667 
3 4 10667 2630 4242 6598 
3 4 10683 3187 3929 10851 
3 8 10851 4590 4671 7595 10923 10909 1688 4054 
3 6 4054 10945 10966 10981 3322 7003 
3 7 7003 5882 2267 4672 7660 768 11015 
3 4 505 10723 3948 3630 
3 7 3630 10854 10876 2641 10933 5969 11015 
3 5 11015 11026 4787 11096 1835 
3 5 10620 10663 10702 3500 10770 
3 4 10770 6047 10809 10868 
3 4 10868 10901 6038 7003 
1 5 5886 10235 2245 994 10206 
1 6 10206 1741 7665 4079 2595 4401 
1 7 4401 10299 6465 10338 224 10384 6839 
1 4 6839 1730 10478 103 
1 5 103 1184 10644 5190 10667 
1 5 5886 3767 10249 4946 10207 
3 5 1835 11120 11108 5680 6388 
2 4 10667 7284 5898 6368 
2 5 6368 71 10508 26 155 
5 5 5235 4434 10831 10877 10897 
5 6 10897 4844 10882 1946 6276 4110 
3 6 6388 3087 5549 680 3177 4110 
3 5 5235 10719 10704 10670 5369 
2 5 5369 428 6853 10513 1848 
2 7 4110 10848 6213 2055 809 10675 4606 
2 10 4606 4925 124 7630 6036 7277 917 5266 5263 10285 
1 6 5051 7574 1538 7124 3232 1848 
2 25 155 10477 1084 899 2384 928 6880 10337 10368 4850 299 4549 10346 4323 10332 262 5470 6140 3965 4133 6568 2532 4483 5980 1579 
2 4 6388 6161 3848 3795 
2 5 3795 11154 4774 11166 11203 
2 5 11203 11224 1990 11187 4203 
2 4 917 10404 2588 10427 
2 7 10427 4391 10519 10553 5686 6767 2697 
2 6 4606 291 2382 10650 10690 2697 
2 7 2697 10739 10783 10823 10826 6629 7564 
2 8 7564 1929 1494 11044 2936 11105 11128 4203 
2 5 4110 10894 6235 10903 7564 
1 5 917 10 620 10326 6625 
1 6 6625 10343 10385 268 3007 1848 
4 4 1224 3213 4926 10842 
3 5 10842 6731 10816 10773 10764 
2 5 10764 740 4902 10863 4519 
2 5 4519 7373 10951 10961 3756 
2 5 3756 6844 1351 4457 6248 
2 5 6248 11098 11066 2788 403 
4 4 1224 1341 6131 403 
4 4 1224 10952 1732 1467 
4 4 1224 10857 10843 1550 
2 4 403 5811 3908 1467 
2 4 1467 11009 11035 4412 
3 5 1550 10799 10832 7659 2908 
2 5 4412 11016 10977 1839 2908 
2 4 10764 5257 10633 10589 
2 4 10589 4544 10516 6046 
2 6 6046 7607 6403 5957 2934 6882 
2 8 10589 497 6018 1073 10665 6873 6228 3424 
2 3 6882 1899 3424 
2 5 3424 10672 7359 228 1550 
2 7 6882 147 6590 3165 3149 10641 3939 
2 5 3939 6640 5804 10829 2908 
2 4 2908 3578 10920 1605 
2 3 1605 10878 10803 
2 6 10803 7666 2752 3405 4603 6531 
2 5 6531 2655 794 10625 3939 
2 6 10427 2475 10500 3638 7621 10589 
2 6 2697 10721 3631 6045 6033 4519 
2 6 4203 7626 1888 11193 11167 6248 
4 3 556 3824 2738 
3 4 556 5061 11355 6752 
3 4 6752 11302 6226 11242 
3 5 2738 11385 11410 11437 11458 
3 5 2738 11321 4175 11263 11240 
2 4 556 11389 3741 6943 
2 5 6943 11446 11462 3419 11458 
2 3 11458 135 11457 
2 4 7400 1920 11237 786 
2 4 7400 2623 11205 11240 
2 3 11240 1785 6188 
2 6 11457 11439 11413 5081 360 4182 
2 3 786 6569 7024 
2 4 786 933 1474 11242 
2 4 7024 6812 5730 6516 
2 3 6516 1189 4516 
2 5 11242 826 11172 1092 4516 
2 4 6752 11352 6883 5767 
1 6 5767 11382 1374 1581 11319 2312 
1 4 2312 486 2868 4516 
2 5 11458 7074 1767 2586 2611 
2 4 2611 6835 1650 4002 
2 4 4002 1398 11332 4182 
2 5 6188 1028 11225 11247 4002 
2 4 1888 11220 5472 4002 
2 8 4203 11204 2698 2430 11287 2285 6025 4182 
2 4 6248 11135 3135 6188 
2 3 4412 179 7024 
2 4 2908 3938 6673 6516 
2 4 1605 903 11063 4516 
4 4 5197 9552 1223 2093 
4 6 5197 9504 1938 7613 4899 7114 
3 5 5197 9456 3342 9385 572 
2 6 5197 9552 4018 9482 9466 3449 
2 5 3449 1666 1097 4325 9458 
2 5 9458 9399 9345 2010 9249 
2 7 9249 3728 9245 244 6938 9233 132 
1 4 572 7548 3239 4897 
1 6 4897 1358 9253 3485 9259 3830 
1 5 3830 9226 9265 1137 9249 
1 6 3449 1666 1685 2333 9267 3830 
2 8 9458 9520 9575 5618 3641 9726 333 7488 
2 4 7488 6198 1616 3354 
2 5 3354 3281 4799 10114 2995 
1 7 2093 283 9693 6533 9791 2231 2686 
1 4 2686 6771 2564 7488 
1 6 132 2046 6482 1863 1243 6893 
1 5 9458 6162 5350 9462 6893 
1 5 2995 10154 5332 10131 10121 
1 5 10121 10105 2209 10142 10123 
1 7 10123 7650 10028 235 4428 9892 5632 
1 7 5632 9786 6488 9688 9630 6267 6893 
1 5 7488 3420 5982 1746 5632 
2 5 2995 517 6087 10284 10 
1 6 10207 10190 5538 1206 4244 10123 
1 9 1848 10424 5628 4329 7586 7159 10218 1258 10121 
4 4 7050 10078 10037 796 
4 4 796 10008 9967 1900 
2 6 7050 6405 3382 6536 5211 5588 
2 5 1900 4996 9908 4489 5588 
2 4 7050 10066 2341 2740 
2 3 2740 4878 5599 
2 4 5599 9914 9869 611 
2 4 5588 1030 9878 3511 
2 4 3511 9844 1161 611 
2 4 2093 5141 1161 611 
2 5 7114 6278 9739 4546 5588 
2 5 2995 5793 3119 7216 888 
2 5 888 5252 6841 6593 611 
2 7 888 10023 10058 10045 1988 10064 2740 
5 3 1842 2719 9657 
5 3 1842 7497 9440 
5 4 1842 6558 9541 3822 
5 5 1842 9610 5960 3815 6971 
5 5 6971 1057 9741 3256 9657 
5 6 9657 2072 9557 1302 887 9440 
5 4 9440 2931 3099 3822 
5 6 3822 7567 9632 7663 9711 6971 
4 4 9440 9416 9408 9350 
4 6 9657 4955 7101 5452 6990 784 
4 6 9350 9408 3704 9478 9529 599 
4 4 599 9625 6990 784 
4 5 9657 4955 9740 146 2953 
4 5 2953 9832 9817 5505 1254 
4 5 1254 5548 5696 7405 784 
5 5 6971 9797 6314 9811 1659 
4 4 1659 9761 7601 9673 
4 4 9673 9633 7537 9548 
4 4 9548 5504 9533 3822 
4 4 9548 9508 9472 5220 
4 3 5220 5604 1999 
4 5 1999 3375 9312 1599 9350 
4 4 1999 9361 1577 9440 
3 3 1254 4533 1900 
3 6 7114 4688 6979 9695 9760 1254 
3 5 4736 9205 3709 9212 3184 
2 5 4675 9320 7504 5974 6203 
2 4 4675 6121 3271 4132 
2 4 4132 4838 6138 3633 
2 3 4736 3967 4675 
2 4 4736 9167 9136 1623 
2 4 1623 2969 1325 4132 
2 5 1623 5700 2600 2016 2527 
2 4 2527 8992 1684 1963 
2 4 1963 108 190 3184 
2 6 572 7495 6596 9365 9328 3633 
2 5 3633 9429 2406 9569 7114 
3 4 784 9597 992 6203 
3 5 599 9556 9516 2707 6203 
3 4 9350 309 2191 4736 
3 2 1999 3184 
5 5 1659 9801 9787 7189 5484 
5 3 5484 9812 3674 
5 3 3674 3283 6811 
3 4 7390 10339 5810 10420 
3 4 7390 10352 4406 42 
3 5 42 10328 3668 6205 3963 
3 5 42 1949 10400 2094 5299 
3 4 5299 10410 4397 1556 
3 4 3963 10270 3126 1556 
2 4 10420 2518 2585 6150 
1 5 6150 5395 4149 1159 6947 
2 3 5299 5523 5894 
2 4 5894 10555 3786 1881 
1 6 1881 10660 10691 10740 266 2318 
1 4 2318 4289 10766 6947 
2 3 1949 10433 812 
1 5 812 4578 10635 4985 2318 
2 4 6531 10483 3454 10420 
1 3 10803 6535 6947 
3 4 3123 10116 10059 6605 
2 4 6605 7498 10024 1444 
2 3 1444 641 5349 
2 4 5349 4721 10203 10228 
2 3 10228 6049 3123 
3 4 3963 10241 1506 3123 
2 3 3126 537 10228 
5 3 7605 5854 3932 
5 6 3932 9911 302 6798 9851 2906 
5 5 9308 1440 2940 9379 9395 
5 5 9395 9450 9489 2147 5041 
5 7 5041 4786 7628 1911 19 9802 2906 
2 3 9851 2251 3893 
2 5 3893 34 9912 9900 455 
2 4 2906 9802 19 9807 
2 4 9807 4852 6496 455 
2 3 9819 2208 6496 
4 5 9308 9340 6275 9418 3544 
2 5 3544 9475 1884 128 9634 
2 4 9634 936 6433 9819 
2 5 5041 2147 6838 9626 9634 
5 4 9308 9302 9314 9303 
4 5 9308 5137 9248 7411 4566 
4 4 4566 7652 9089 9058 
4 5 9058 9030 8987 4620 8926 
4 5 8926 6525 8862 8839 1973 
3 5 4566 9206 5931 9201 4945 
3 4 8926 6609 2284 5313 
2 5 1973 7478 1268 8871 5615 
2 5 5615 8943 7322 5677 6827 
2 4 6827 4919 1891 2924 
2 5 2924 9221 4879 7007 4945 
3 5 4945 9159 6712 5926 5313 
2 4 9221 3635 5747 9400 
2 4 4945 9227 9268 9305 
2 4 9305 2764 3880 9400 
2 6 5041 9518 1273 9457 5639 9400 
2 4 9400 9449 9522 9582 
2 3 9582 4210 6897 
2 5 6897 9770 7506 6217 3932 
2 4 6897 9713 713 2906 
5 3 6811 9915 7605 
3 3 7605 3877 6605 
3 4 3932 9949 4243 6605 
3 3 3893 6816 1444 
5 4 9301 1060 9386 9421 
5 3 9301 2269 38 
5 4 9301 9316 2042 9294 
5 5 9301 1263 3273 9237 623 
5 5 9301 1345 6086 9137 454 
5 5 9301 1263 9214 1621 9128 
4 6 9128 9101 4213 5393 9106 454 
4 5 454 3264 7459 7009 9294 
4 5 9294 411 3478 3412 38 
4 4 38 1326 6337 9421 
4 5 9421 9382 1671 5410 623 
4 4 623 9213 9179 9128 
3 3 9421 597 9521 
2 5 9521 7325 5018 3978 2490 
2 5 2490 9779 5650 743 7011 
2 4 7011 9704 5560 4335 
2 4 4335 6302 9495 38 
2 3 623 2001 6554 
2 4 6554 1974 238 8999 
2 6 8999 6697 2561 6845 7232 4301 
3 4 4301 5274 7573 3238 
3 2 4213 3238 
3 4 9548 9542 7292 9521 
2 3 9812 9769 2490 
3 3 5220 6059 9382 
3 4 1999 1270 4633 623 
3 4 3184 1962 1549 6554 
2 5 1963 6895 563 5534 8999 
2 6 2527 2154 8938 4832 5506 8999 
2 3 5615 612 7573 
2 3 6827 9081 454 
2 2 2924 7009 
2 4 9294 4656 1357 9400 
2 3 4335 9599 9582 
2 3 7011 9762 6897 
2 5 7011 9820 7134 4424 3932 
1 5 4547 1360 387 4236 4943 
1 3 4516 3386 4547 
1 3 903 11039 4547 
1 4 2318 10804 4277 4943 
1 6 6947 10839 519 7437 1360 4547 
3 5 1803 6875 3439 90 10895 
3 5 10895 10935 1740 10990 11006 
3 6 11006 11036 11070 7197 11065 5509 
3 3 5509 3036 3244 
2 5 1803 3426 11064 7013 820 
2 5 1803 10962 6421 10927 1295 
1 5 820 11146 5574 11142 5916 
1 5 5916 11099 6418 11010 1295 
1 3 1295 10918 10864 
1 7 10864 10817 1700 10834 1634 1170 10835 
2 4 10835 7295 2260 1803 
1 4 11006 5906 3680 7048 
1 5 7048 11103 1508 5471 3363 
1 5 3363 1886 11109 3097 820 
1 5 3363 1069 11005 1173 10895 
2 5 11006 7094 1654 10914 2252 
2 4 2252 1833 10846 4632 
2 4 4632 4385 10887 6130 
2 4 6130 2784 10997 3244 
2 5 3244 10996 10963 5565 4632 
1 5 10835 5174 5592 10692 4228 
1 5 4228 6675 5376 10638 1304 
1 3 1304 10706 2998 
1 5 2998 10761 10788 2044 2252 
1 8 1304 10731 1208 6478 4784 781 10967 11006 
1 5 4943 10879 96 10833 10864 
1 4 2318 5117 10833 10864 
1 5 1881 5267 5749 1170 10835 
1 5 5894 5920 110 7059 4228 
1 5 4943 10949 10960 10984 1295 
3 3 2547 5052 7377 
3 3 7377 4103 4180 
3 4 4180 9933 6612 2394 
3 5 2547 6214 10155 6001 10164 
3 4 2547 10148 10185 10222 
2 4 2394 3902 9950 1426 
2 5 1426 9991 4029 10055 4220 
2 5 4220 3610 4638 4885 4180 
2 4 4220 10109 2662 10164 
2 7 10164 5310 6108 6913 6815 10365 181 
2 4 2547 10128 10133 6396 
2 4 6396 4654 4895 10296 
2 5 10296 10333 2187 4245 5827 
2 5 5827 3343 1037 4317 10572 
2 5 10572 4868 10480 10436 181 
2 4 181 7669 5595 10222 
2 7 181 10364 10356 7594 10318 3074 10296 
2 3 5349 10153 6396 
2 5 1444 6753 10042 10068 2547 
2 5 3893 3686 2114 10068 2547 
2 3 455 5994 4180 
2 4 10228 10242 10286 10296 
2 3 1556 7512 2187 
2 2 9819 6612 
2 4 4228 1524 10511 5827 
2 3 1304 10619 10572 
2 4 2998 6236 613 10572 
2 4 1420 4413 7224 10430 
2 4 1420 10569 10607 4375 
2 3 1420 6902 10642 
2 4 10642 5378 10700 4375 
2 4 4375 10648 3212 4795 
2 4 4795 5445 10481 10430 
4 4 4882 5738 10357 10405 
4 5 4882 4258 3875 10264 1868 
2 3 10572 5049 4795 
2 4 181 5521 501 10430 
2 5 10642 2355 3870 4369 4632 
2 4 2998 4295 10662 10648 
3 4 10405 10449 5260 10547 
3 3 10547 1158 2176 
2 5 4882 4889 2099 10387 2795 
2 4 1868 10297 2601 2422 
2 4 2422 10443 615 7525 
2 3 7525 3595 2795 
2 4 2795 10456 951 10547 
2 3 10405 10437 2638 
2 5 2176 10612 10583 10521 2638 
2 3 1868 5510 10220 
2 5 10220 2597 1922 4468 10175 
2 4 10175 1053 10100 10049 
2 5 10049 1631 10018 16 9992 
2 4 9992 4550 10048 10094 
2 4 10094 4184 5270 10220 
2 4 10094 480 2416 6268 
2 4 6268 2688 5783 6654 
2 4 6654 3560 3707 4086 
2 3 4086 6705 1868 
2 3 6268 10125 4086 
2 3 6654 7332 4507 
2 3 4507 10093 6323 
2 4 6323 3132 4195 10304 
2 6 6323 4966 10186 10229 6289 4983 
2 3 4983 10310 10372 
2 5 10372 5975 10415 4167 2638 
2 4 10304 7430 2446 10372 
2 4 4882 567 3132 6323 
2 4 1426 5951 10017 4507 
2 3 4220 10124 6323 
2 2 5310 4983 
2 3 10430 10391 10372 
2 4 1420 10556 317 2638 
2 3 2355 10714 2176 
2 5 6130 6524 10791 5142 2176 
2 3 10661 4332 6666 
2 4 10661 4498 10603 5724 
2 4 5724 3913 1014 4271 
2 3 4271 10401 2289 
2 5 2289 10329 6775 3839 6968 
1 4 1645 9880 328 6352 
1 4 6352 9938 5657 7379 
1 5 7379 3101 9833 3157 1645 
2 3 5142 10786 6666 
2 4 2176 10693 5798 10661 
2 4 6130 5622 2483 6666 
2 4 10547 10570 6661 10661 
2 3 7525 5939 5724 
2 4 2422 1620 6458 4271 
2 5 10220 4908 10315 10305 2289 
2 4 10175 575 6903 6968 
4 4 2615 7640 746 9856 
4 6 9856 4459 9946 6497 9972 4923 
4 4 2615 3510 5132 2879 
3 4 2879 6733 3334 4684 
3 5 4684 9676 5284 9668 6899 
3 5 6899 5467 9690 3477 9697 
2 4 4923 6948 9930 4773 
2 6 4773 4061 7221 9763 123 6899 
2 5 9697 9642 7627 6759 6523 
2 7 6523 6782 9441 1543 9374 6561 9409 
2 5 9409 9442 5311 9468 4124 
2 6 4124 9554 9583 9627 6824 4684 
2 9 9409 9445 9476 5253 9553 6941 9635 9646 6899 
3 4 9647 9587 2658 6737 
2 4 9303 9323 9351 9374 
2 4 3544 9467 1055 6782 
2 5 9634 4622 6238 9661 9697 
2 3 9697 4159 2394 
2 3 4773 4076 1426 
2 3 4923 10013 6268 
2 5 9856 1878 7023 624 9992 
4 3 2615 9665 9647 
3 6 6737 9555 9523 9530 2882 4124 
1 4 9856 1878 4965 1645 
5 3 8893 8945 8958 
5 4 8893 2041 8832 7532 
5 4 8958 5687 8998 9028 
5 6 9028 9025 966 2837 967 5545 
5 7 5545 9082 9111 151 1149 7455 7617 
5 5 7617 2421 727 9261 9295 
5 4 9295 9324 9357 7188 
5 7 8893 8896 8927 3494 8956 8949 5293 
4 5 5545 6548 6152 6829 5050 
5 4 7188 4443 9463 7306 
3 4 7188 6802 1727 9334 
3 4 9334 7596 9307 9280 
3 5 9280 9286 1894 9240 5050 
3 4 7617 4062 638 9280 
3 4 5050 9183 9145 9129 
3 4 9129 9133 9115 752 
3 5 752 9098 5483 9027 8997 
3 5 8997 7040 8930 2832 8845 
3 4 5545 9049 3039 7547 
3 3 7547 9005 8977 
3 5 7547 9052 9076 9110 9129 
3 4 5293 8940 8920 8939 
3 3 8939 553 8977 
3 5 8939 8908 2080 8872 8845 
3 4 7532 8791 6423 6754 
3 4 6754 2447 6063 8796 
3 4 8796 8779 4839 8845 
3 6 8796 8821 8848 8881 1364 8939 
3 6 6754 8824 1907 4634 8916 5293 
3 4 8997 3984 6911 8977 
3 4 7306 1601 9606 2524 
3 5 7188 6931 9313 775 9299 
3 3 9299 9285 6566 
3 4 6566 6736 3246 7306 
3 6 6566 6273 4316 278 4152 2524 
3 5 6566 4810 4567 9131 9113 
3 7 9113 9090 6807 9153 4017 3688 9177 
3 4 9177 7576 7308 727 
3 4 8958 8968 672 9006 
3 7 9006 6229 9045 9075 9112 3688 9177 
3 6 8893 8869 8849 164 8836 8855 
3 5 8855 2486 8841 290 6397 
3 4 6397 8886 8921 3512 
3 5 3512 8985 1502 3730 9113 
3 5 3512 6718 11 8981 9006 
3 8 8893 8866 3285 8793 7633 8763 2017 6995 
3 4 6995 1460 5367 8680 
3 4 8680 6007 4393 6397 
3 6 8987 4790 8974 8994 4296 8997 
3 4 9058 9072 9066 5483 
3 5 4566 4032 9138 9120 9098 
3 4 9303 7123 7378 5050 
3 4 9409 6973 1810 9280 
5 4 7188 3743 9490 6737 
5 4 7306 9524 9536 6737 
3 3 2524 9669 2615 
1 4 2524 1229 972 1645 
5 4 8410 7172 5336 8477 
5 5 8477 7213 5151 8493 8463 
4 6 8410 1259 4043 8462 461 8481 
3 6 8481 8472 5683 8427 2657 8386 
3 6 8481 6509 7260 8575 8573 8597 
3 8 8597 4753 134 5008 7039 230 4116 8675 
3 7 8597 8602 8629 8 8663 8686 4007 
3 6 4007 7131 4122 8769 3944 2511 
2 4 8481 2556 8531 1222 
2 5 1222 8611 6956 1754 8688 
2 6 8688 8689 6022 8698 7412 4007 
2 5 2511 8792 8767 8734 8710 
2 5 8710 4778 5453 219 8675 
2 7 8386 4843 7528 6026 1247 6985 6925 
2 5 6925 4892 2156 8502 3637 
2 5 8675 4066 8589 2089 8502 
1 4 3637 8504 8530 6294 
1 4 6294 3537 653 8741 
1 5 8741 8750 564 8778 5265 
1 6 5265 8708 678 7454 8547 3637 
2 7 8463 8478 875 8560 3491 6890 2456 
2 8 2456 8683 6088 8664 4653 5992 2680 8688 
3 5 8410 631 8357 8344 4573 
2 6 8410 4929 3609 8343 5396 2867 
2 7 2867 2256 8351 7070 7404 8361 8386 
1 6 4573 8310 8322 8303 3048 8292 
1 4 8292 4986 577 8300 
1 5 8300 2716 1996 5085 8307 
1 5 8307 3798 5138 2317 5955 
1 7 5955 8435 6960 8434 8449 4548 8463 
1 5 5955 8453 8466 5611 8569 
1 6 8569 4216 8598 4404 5597 2456 
1 4 8741 8809 1757 2561 
1 3 5265 3909 5615 
3 4 8675 8718 3986 1973 
3 5 2511 7446 8863 8889 8926 
3 5 2511 8820 8835 7029 8845 
2 4 7412 8756 8768 8796 
2 4 8688 4205 7223 6754 
2 4 2456 7020 343 2017 
1 4 8569 2609 2723 8680 
2 5 960 510 4217 699 9641 
2 5 9641 2358 9681 4204 7218 
1 5 7218 9758 9719 9692 3134 
1 4 3134 1807 5491 9452 
1 4 9452 2833 5280 960 
1 4 7218 2751 5457 9976 
1 4 9976 726 9916 1219 
1 4 1219 2141 6365 9641 
2 5 960 7031 1275 9381 3436 
1 3 3436 5485 699 
1 7 9976 3268 10089 2061 6078 10170 10207 
1 5 9976 10015 10054 2047 4244 
1 5 7218 9858 9837 7618 9892 
1 4 9692 450 1241 5632 
1 4 9452 9480 1518 6893 
2 6 960 2326 3781 9311 3788 132 
2 4 3043 10090 6347 5165 
1 4 3043 10132 10146 10192 
1 5 5165 1414 9913 9865 9857 
1 4 9857 3669 1744 570 
1 5 9857 7034 7302 253 5586 
1 4 5586 3094 528 10034 
1 6 10034 4105 10086 5098 3193 10192 
1 2 570 5098 
1 2 7379 9865 
2 4 10049 2113 10110 3043 
2 3 575 5358 3043 
2 3 6968 10188 3043 
3 5 8932 3912 8942 2791 3428 
3 3 8932 2771 4911 
3 4 4911 3806 4948 4670 
3 4 4670 6949 1608 9143 
3 4 9143 1487 9174 5988 
3 4 3428 9010 1614 4911 
2 4 8932 8917 4627 7536 
2 5 7536 3227 7207 5337 5291 
2 6 5291 9007 614 9088 4876 9143 
2 5 8932 8875 6490 8801 7546 
2 4 7546 4858 6713 6011 
3 7 8932 3993 8853 6614 2131 886 8716 
2 5 8716 8733 8717 6707 3464 
2 5 3464 6090 3306 6483 5291 
1 6 8716 4990 725 8745 885 1619 
1 6 1619 7043 7030 8678 2038 6713 
1 5 8716 4990 8650 927 1975 
1 10 1975 8559 345 8586 8585 5148 3768 8646 8641 6011 
1 7 1975 4431 1238 6936 8540 7264 8491 
1 10 8491 8520 4807 8587 1663 8638 7233 8706 3740 3464 
2 5 4670 2174 6565 5039 3436 
2 3 5988 439 9311 
3 4 5988 2570 5709 132 
3 3 3088 1989 7186 
3 5 3088 9558 5194 6377 3796 
3 6 3796 5033 2434 4403 9391 3436 
3 4 3088 9607 5941 5035 
3 6 5035 5631 9680 9718 9738 6691 
3 5 6691 9829 4474 6409 6364 
3 3 6364 5722 5525 
1 5 3796 9439 1401 120 6537 
1 5 6537 2957 3380 5636 6071 
1 5 6071 2030 4266 5232 9835 
1 5 9835 2469 4819 3713 10004 
1 4 9835 4273 6293 3088 
1 6 10004 1216 3010 6224 3716 9956 
1 4 9956 5244 10050 2984 
1 5 2984 4660 5108 6149 313 
1 6 313 5780 1451 877 10098 5525 
1 6 5525 2550 10062 3636 5021 2984 
1 6 3796 1116 9310 1353 1172 3004 
1 3 3004 5261 7186 
1 4 9680 5829 3761 4574 
1 6 4574 4751 3606 6907 9671 3572 
1 5 3572 1272 9868 2869 6364 
1 5 313 5780 10234 4570 5630 
1 5 5630 10181 5189 2790 5525 
1 4 5630 10194 6452 1005 
1 6 1005 7549 3219 1198 6283 5525 
3 5 4670 9220 9264 1954 3796 
1 4 3428 1075 6683 1172 
1 4 1219 3091 4953 6071 
1 4 6071 9953 3206 7447 
1 7 2984 1950 5104 10252 10293 4722 6839 
1 7 313 10276 7231 5626 895 10472 6368 
3 5 1140 6336 10524 422 899 
1 11 155 10532 5503 10652 2313 10734 6485 3904 1231 1113 2153
2 5 9979 10012 10003 9994 6283 
1 6 987 3078 5333 7582 9765 5035 
1 4 5232 6320 9656 120 
1 8 5464 3594 6146 6218 9319 4275 9349 5261 
1 9 9671 785 9526 1492 3398 9354 9304 9315 4202 
1 4 7103 9198 1998 9304 
1 4 152 4202 174 7461 
1 8 7103 3797 4134 3837 1540 5670 5264 4275 
1 9 6848 1449 8900 6029 1517 6986 2078 32 6011
1 4 6848 6098 7456 5464
1 4 4134 4347 9181 3594
1 5 9048 6284 8962 8929 6029 
1 5 1837 5757 6394 9079 9048 
1 2 9079 1075
1 3 9319 5750 1837 
1 4 11074 4928 11085 3158 
1 2 1562 11074 
1 4 11239 1874 1689 6687
1 12 11155 11188 2578 2626 11288 6240 2914 5331 758 5796 4063 1298
1 10 6886 1625 2800 6480 11596 792 5439 3072 7280 2682
1 6 1236 5162 7105 4038 2175 11547
1 3 7092 4480 5331
1 13 363 1978 4311 6823 7597 6909 5247 11079 11119 2272 5909 11269 7092 
1 5 1476 10969 11008 1462 4628 
1 5 6676 5838 6503 6744 11266 
1 6 6598 7166 10978 95 5714 11155
1 5 2272 11127 4725 3214 3289
1 12 11547 550 2488 6183 11504 2064 3490 7608 835 11425 3409 5331
1 2 13 11554
1 5 11513 3626 2489 2775 11534
1 9 11534 408 11548 693 11538 5465 4031 11500 7543
1 7 7543 11499 1980 11482 11492 11475 11464
1 6 1153 11379 1111 11445 2221 11513 
1 11 1153 4300 7566 6370 1830 2293 11239 7606 196 4825 6388 
1 4 4547 2870 4594 3371 
1 5 3371 4594 1657 2451 10949 
1 7 1502 827 7323 1480 9247 1338 6273 
1 10 8307 7330 8348 4558 476 7122 8483 8513 8555 8569 
1 8 7806 5540 7836 7849 1452 7076 7863 4824 
1 27 7824 4624 7854 1452 7885 945 7883 5861 857 909 3080 7941 4717 2477 4780 3583 7215 311 7942 1067 7966 7979 7499 7270 6993 3480 3197 
1 13 3480 1143 6316 2278 6291 5983 5805 8075 1693 8062 8070 8052 8031 
1 11 837 8141 5764 1693 8046 97 6187 1959 138 295 73 
1 14 8136 8100 6316 4595 8043 1768 6489 1027 295 7959 4922 1207 8005 97 
1 30 1335 7827 7340 909 3080 5972 4717 2477 4780 3583 7215 311 7942 1067 7966 7979 7499 7270 8007 2192 1768 3985 5422 8061 8075 1945 8107 2994 7241 837 
1 10 7849 7828 7815 3162 5150 3868 7727 4576 1352 7699 
1 24 5891 2749 5343 1714 3661 7951 2029 3540 759 8020 8021 97 6187 1959 138 295 7946 3779 4286 1437 7845 2463 516 7351 
1 13 2198 7431 5956 7826 4935 2409 7873 2890 7914 7910 1660 1548 7951 
1 11 4238 7924 1590 6216 73 3779 4286 2776 7966 2801 6704 
1 2 4238 2890 
1 12 8223 6118 4 8160 6170 8148 2687 1770 7545 2902 3100 8070 
1 12 3270 8085 8106 7545 8154 8163 8185 2943 8239 2347 2049 8278 
1 2 3270 5891 
1 17 8278 8247 5205 8226 2721 6453 5114 5571 3934 276 8136 458 3197 4183 4128 3957 7019 
1 15 3295 3799 1286 8177 6415 7570 458 8136 8100 4306 2278 6291 4812 8099 1945 
1 9 2449 2165 8175 276 8131 2713 6068 4178 8099 
1 2 6068 5114 
1 12 533 8177 1286 3726 8138 3453 2111 1533 8076 361 6471 1825 
1 8 6581 5665 3604 3755 2111 7171 701 8010 
1 4 5587 6215 6185 3234 
1 5 8010 5587 7995 2859 6704 
1 2 3234 7941 
1 12 4717 7925 7900 2059 5024 650 5850 4092 7463 4509 3372 7724 
1 6 7724 7737 6674 1438 1896 1335 
1 3 7737 1262 7699 
1 3 1335 949 3162 
1 17 5444 4314 3079 7749 1860 6521 7716 770 4816 2200 3366 514 3344 4842 855 4987 7005 
1 2 5444 7806 
1 14 7005 5725 6259 3706 4747 1793 7810 7440 3207 298 7886 3106 527 2734 
1 6 298 3207 2075 6996 757 7117 
1 6 6557 7762 2181 1394 2829 7839 
1 12 7839 7846 3866 7866 1382 7840 7829 6168 7386 1692 1985 7867 
1 8 7867 7401 609 7810 4330 4513 7745 7117 
1 6 7867 5606 7908 4088 7909 50 
1 5 50 3927 3106 7882 7857 
1 3 7857 7141 2734 
1 8 7857 254 7794 6651 5966 3731 757 7117 
1 9 7117 7728 3589 7729 4794 7731 2440 7721 4987 
1 7 4816 2200 1724 7479 6262 4842 855 
1 7 1724 3366 514 7783 4196 7840 2507 
1 8 2507 7856 5044 1108 5768 7891 7905 237 
1 6 237 7867 1985 4452 3706 6259 
1 6 7817 142 7786 3897 2559 7005 
1 12 1394 6904 2554 7217 7511 7770 3396 4989 7791 62 4196 7817 
1 3 770 7736 7217 
1 2 6557 6521 
1 2 1860 6557 
1 6 770 5507 1901 7685 7695 7611 
1 4 7762 1484 4326 7850 
1 4 7824 904 4905 7850 
1 5 7850 2711 2829 7839 7846 
1 3 7683 3549 6262 
1 2 7611 7683 
1 6 2189 8342 4390 1553 8236 8223 
1 2 4390 1546 
1 3 8333 8342 4390 
2 57 321 3308 247 4050 5086 5202 3539 6945 2101 10870 10850 401 154 5046 10743 5290 310 10818 4734 3433 3023 3077 420 10630 3684 10562 149 2322 4233 10378 6710 1875 1701 3487 10144 1617 10135 1716 185 1239 7366 205 6611 4104 2948 5388 10087 3236 5706 2400 5321 9982 9925 3225 6297 9871 6997 
1 41 11311 11271 1558 3695 11170 11124 11076 11029 5852 7078 10830 310 5290 2063 2033 10636 6459 2414 1801 10422 2942 6860 10238 2853 10147 10073 59 4267 5023 9918 1739 366 6716 130 4625 3733 1033 9434 4726 2395 891 
1 20 515 4512 11086 11152 11161 6303 11144 6724 11182 3308 3514 692 6887 173 5166 3898 11311 11339 1132 2991 
1 16 2991 5676 289 6310 3000 4521 5716 7577 2673 5944 11054 507 2652 7099 396 10980 
1 15 3962 7083 1528 3182 2579 4705 10562 149 2322 1919 6182 10389 2214 6770 10423 
1 16 10980 3962 10871 10815 6389 906 10639 10609 3819 7253 10423 188 10485 1928 4068 10451 
1 16 10423 3066 718 4218 4285 10183 10144 394 1569 4761 7032 6573 9889 862 9808 5240 
1 57 2972 10782 10707 7540 1854 10715 1486 10684 10649 2437 5152 2414 1801 10422 3038 10414 6919 1816 1190 10330 5475 4711 3523 530 10041 3871 1739 1006 541 9888 3703 5576 384 1214 6950 862 3317 9782 3287 5344 5168 2581 4669 5753 3362 445 9359 9371 7434 2022 9500 1393 9570 1096 2034 3118 850 
1 69 471 9122 9178 9215 6576 7638 459 9235 6866 3699 6145 2769 6084 3450 7333 126 3951 6141 9376 5647 3862 9563 6896 1281 9782 9839 3451 4368 6573 7032 4761 1569 394 10111 4426 10157 10177 5366 1547 5475 6877 10354 905 2465 4623 2942 6110 7194 2845 10457 532 2627 7240 2576 6419 5977 5550 753 1568 6780 632 1002 6311 1777 5407 7147 11045 5743 4512 
1 51 11411 11369 78 3008 173 11257 538 7307 2057 1260 11050 5158 10975 1931 2258 10830 310 10784 2413 6 10600 2540 5933 10416 10388 2167 2643 5910 10256 7309 4426 10111 394 1569 232 6573 5345 3317 9729 2166 5678 1022 5652 9423 9376 5514 5522 9358 3884 6158 5312 
1 28 5147 4625 5302 4862 7206 3054 3120 5240 6613 3317 3451 5268 3287 5344 5168 2581 9612 3221 9677 999 6100 6180 4011 4982 3722 4101 9982 6709 
1 15 769 5943 1515 7505 2675 3367 7366 10019 5048 1787 4861 9826 2224 9737 4581 
1 15 4864 10331 2758 419 5124 4104 6237 10052 6381 9986 280 1582 4886 2429 6100 
1 7 3236 7068 634 5225 4645 2429 4581 
1 9 6290 6959 9959 1787 3818 5667 6135 9939 280 
1 9 10580 4068 1928 10397 5943 1515 7505 2823 3194 
1 10 3194 1716 185 6290 4368 5345 3317 9729 6896 6134 
1 6 4862 566 3286 7026 4070 2395 
1 4 7600 9318 5091 9376 
1 5 891 7600 3040 6124 1022 
1 13 471 9186 2237 4136 9291 6309 9360 9398 9411 594 6970 9623 3118 
1 17 8117 1856 2880 6817 5295 923 4867 6699 841 3683 4053 8464 8470 1612 5324 3515 4831 
1 14 8117 4712 8072 4692 2425 481 5210 5998 2888 2827 4487 3468 5834 2104 
1 18 2104 5383 963 7768 6113 2292 1519 7779 5215 3301 3565 3053 4151 409 1779 274 7603 324 
1 23 324 1710 5095 7870 5473 1305 7937 921 3400 7976 1114 1284 2913 8065 8097 2755 8164 3648 6820 1656 3335 5226 8383 
1 23 8383 1852 2904 8461 23 6052 2426 433 8486 988 3037 6416 767 412 8510 6179 5324 1658 1250 4396 8640 7 4024 
1 26 1662 4276 6646 2100 2610 4974 4964 643 163 3076 8315 5419 5097 3513 8189 7148 4268 1052 3865 1435 4834 3276 3828 4577 7201 2515 
1 10 4834 74 4020 7552 7524 5210 7974 1624 3659 1584 
1 7 1584 5400 5744 5283 691 834 4724 
1 14 4964 5515 5668 236 4191 6367 2090 8194 2880 8118 8105 1633 834 7429 
1 12 7429 5120 5449 4253 6422 7950 5835 5659 2938 3762 58 5095 
1 15 8470 3558 5746 1233 6804 6578 7452 113 3359 1039 2280 606 5727 5815 8065 
1 13 6416 2362 6804 8326 8305 2466 1903 39 8158 6104 2282 2086 7429 
1 13 8158 8151 301 5188 5328 8157 8167 2363 6987 606 4887 4293 2755 
1 13 8167 6143 2253 3980 2892 1316 166 7975 3644 7930 5473 7853 5095 
1 12 6143 8167 2363 1039 1068 5298 2435 3650 5493 8377 6978 1852 
1 6 3037 6404 7355 7212 6843 1068 
1 14 236 8339 8312 281 5436 841 3550 3263 6746 8305 1034 1323 2933 1498 
1 9 5603 2125 4039 8227 6367 8265 8285 177 4194 
1 10 8494 864 5375 5436 4194 4867 923 5415 1994 8155 
1 10 1160 8189 5603 2195 6852 6070 68 3365 8013 7524 
1 2 4276 4024 
1 10 1662 5645 6680 848 353 1225 8867 6210 3288 6594 
1 11 2234 4689 7035 8721 3056 8677 734 3446 524 8564 2250 
1 6 4831 1836 8701 4689 2234 6594 
1 30 8551 8497 6052 2426 6982 3208 150 7355 1445 7452 2933 3531 8196 810 8151 4093 2282 2086 7429 2637 5283 5744 5400 1584 2506 1300 673 4631 6102 7787 
1 7 1433 3468 7834 1468 1174 7787 6113 
1 4 1433 5905 2888 5998 
1 5 1468 5633 7837 602 673 
1 3 4487 5633 7837 
1 8 3263 5919 1743 8195 4287 6104 2282 2086 
1 10 6133 2087 734 6219 847 2426 1423 910 8298 2435 
1 7 4689 3255 271 5036 6133 2268 5233 
1 12 5233 4198 1074 8705 5608 2756 2625 6758 8501 1580 3159 8417 
1 3 1580 1009 1380 
1 7 5130 6438 104 1482 436 8186 2085 
1 3 1852 5130 3159 
1 8 3699 2966 5010 6230 1783 2937 1466 9122 
1 8 6693 6195 7638 6677 9139 3586 7190 1783 
1 5 9122 471 5325 2900 1163 
1 5 6309 4207 9187 840 1163 
1 4 2937 27 355 5922 
1 3 5922 2910 1163 
1 6 235 7448 10031 1895 1289 3281 
1 6 1160 5801 8304 5703 6769 8397 
1 5 7080 4346 3138 2081 5140 
1 12 5140 766 8715 1661 8805 8833 8806 4610 4276 1662 5645 6680 
1 6 7080 327 2517 4884 8359 8397 
1 2 2517 8397 
1 18 4884 3252 2951 485 4904 8193 1841 4694 8122 1668 3787 2106 395 4913 867 817 8050 1435 
1 24 3252 3705 4691 5973 8182 3734 5498 5038 1052 4283 6786 3365 481 1624 3659 1584 470 3907 5849 5248 7838 3142 3565 3218 
1 7 5449 7555 2920 7928 636 5248 7838 
1 14 1236 902 11566 85 6093 183 11581 378 7450 7620 6318 655 2048 6886
1 10 6318 11569 11560 11546 11531 7658 4141 11453 2842 1298
1 6 11245 11180 11131 4037 3245 7003
1 4 3289 1381 6317 11245
1 3 916 4564 11245
1 5 11245 2227 569 2351 1153
1 7 7092 5448 11306 2168 1276 11255 916 
1 7 11155 4422 11095 4732 2082 11041 7597
1 5 4098 191 3936 11388 5771 
1 6 5771 6312 11428 6830 1822 11464
1 7 348 11541 5379 5623 2787 3608 11464
1 5 5795 6739 2763 11515 1076 
1 3 4098 4941 6687 
1 4 3111 4358 4651 7461
1 4 3111 9160 1147 7103
1 10 2682 1857 869 11595 3376 6211 991 1873 11561 348
1 8 7472 1195 11007 3557 7244 3041 11049 2153
1 6 7472 11130 11168 203 2493 3676
1 10 7472 4044 1921 7211 802 5373 11030 11034 1043 6861
1 7 7472 272 581 7321 11258 3856 6372
1 7 2153 11088 1059 5625 2092 3019 6372
1 7 6861 11040 4310 2143 11060 6374 3254
1 6 6372 11348 6809 5458 2261 4254 
1 9 4254 11507 3581 2185 11511 4769 4437 4388 6072
1 6 3254 11126 11159 1001 11192 5518
1 8 5518 4052 1312 11284 11312 522 7061 11291
1 8 11291 11280 2164 900 1071 11195 11234 3676
1 8 6072 11468 882 2896 11361 11342 11298 3676
1 4 6372 3394 6010 610
1 7 610 11395 118 6378 2306 11448 7608
