1 38 
1 42 
1 103 
1 132 
1 155 
1 181 
1 183 
1 313 
1 348 
1 363 
1 403 
1 417 
1 454 
1 455 
1 509 
1 556 
1 570 
1 572 
1 586 
1 599 
1 610 
1 611 
1 623 
1 675 
1 690 
1 752 
1 784 
1 786 
1 796 
1 812 
1 820 
1 888 
1 909 
1 917 
1 959 
1 960 
1 1005 
1 1040 
1 1105 
1 1153 
1 1219 
1 1222 
1 1224 
1 1254 
1 1260 
1 1285 
1 1295 
1 1304 
1 1320 
1 1372 
1 1394 
1 1420 
1 1426 
1 1444 
1 1467 
1 1546 
1 1550 
1 1556 
1 1579 
1 1605 
1 1619 
1 1623 
1 1645 
1 1659 
1 1673 
1 1724 
1 1803 
1 1809 
1 1823 
1 1835 
1 1842 
1 1848 
1 1868 
1 1881 
1 1900 
1 1963 
1 1968 
1 1973 
1 1975 
1 1999 
1 2000 
1 2075 
1 2093 
1 2098 
1 2153 
1 2176 
1 2189 
1 6029 
1 2252 
1 2272 
1 2287 
1 2289 
1 2312 
1 2318 
1 2394 
1 2422 
1 2456 
1 2490 
1 2511 
1 2524 
1 2527 
1 2547 
1 2611 
1 2615 
1 2620 
1 2638 
1 2674 
1 2682 
1 2686 
1 2697 
1 2730 
1 2738 
1 2740 
1 2795 
1 2842 
1 2867 
1 2879 
1 2906 
1 2908 
1 2924 
1 2953 
1 2972 
1 2984 
1 2995 
1 2998 
1 3004 
1 3043 
1 3083 
1 3088 
1 3106 
1 3111 
1 3123 
1 3134 
1 3151 
1 3184 
1 3197 
1 3238 
1 3244 
1 3254 
1 3289 
1 3292 
1 3354 
1 3363 
1 3424 
1 3428 
1 3436 
1 3449 
1 3453 
1 3464 
1 3511 
1 3512 
1 3544 
1 3549 
1 3572 
1 3630 
1 3633 
1 3637 
1 3674 
1 3676 
1 3715 
1 3756 
1 3769 
1 3782 
1 3795 
1 3796 
1 3822 
1 3830 
1 3867 
1 3893 
1 3932 
1 3939 
1 3955 
1 3963 
1 3968 
1 4002 
1 4007 
1 4054 
1 4086 
1 4088 
1 4098 
1 4110 
1 4124 
1 4132 
1 4180 
1 4182 
1 4203 
1 4220 
1 4228 
1 4232 
1 4254 
1 4271 
1 4301 
1 4335 
1 7103 
1 4375 
1 4383 
1 4401 
1 4412 
1 4436 
1 4507 
1 4516 
1 4519 
1 4528 
1 4547 
1 4566 
1 4573 
1 4574 
1 4606 
1 4616 
1 4632 
1 4670 
1 4675 
1 4684 
1 4736 
1 4773 
1 4784 
1 4795 
1 4812 
1 4824 
1 4882 
1 4897 
1 4909 
1 4911 
1 4923 
1 4934 
1 4943 
1 4945 
1 4967 
1 4983 
1 5022 
1 5035 
1 5041 
1 5050 
1 5051 
1 5054 
1 5152 
1 5162 
1 5165 
1 5197 
1 5220 
1 5235 
1 5265 
1 5272 
1 5291 
1 5293 
1 5299 
1 5313 
1 5320 
1 5331 
1 5349 
1 5369 
1 5484 
1 5509 
1 5518 
1 5525 
1 5540 
1 5543 
1 5545 
1 5550 
1 5568 
1 5586 
1 5588 
1 5599 
1 5615 
1 5630 
1 5632 
1 1492 
1 5674 
1 5699 
1 5724 
1 9319 
1 5767 
1 5827 
1 5886 
1 5894 
1 5916 
1 5955 
1 5966 
1 5977 
1 5988 
1 6011 
1 6046 
1 6071 
1 6072 
1 6103 
1 6130 
1 6150 
1 6188 
1 6203 
1 6248 
1 6268 
1 6294 
1 6303 
1 6310 
1 6311 
1 6323 
1 6339 
1 6352 
1 6364 
1 6368 
1 6372 
1 6382 
1 6388 
1 6396 
1 6397 
1 6406 
1 6453 
1 6472 
1 7321
1 6508 
1 6516 
1 6523 
1 6531 
1 6537 
1 6554 
1 6566 
1 6579 
1 6598 
1 6605 
1 6625 
1 6654 
1 6666 
1 6691 
1 6737 
1 6752 
1 6754 
1 6801 
1 6811 
1 6827 
1 6839 
1 6861 
1 6882 
1 6886 
1 6893 
1 6897 
1 6899 
1 6925 
1 6943 
1 6947 
1 6968 
1 6971 
1 6995 
1 7003 
1 7011 
1 7024 
1 7038 
1 7048 
1 7050 
1 7078 
1 7109 
1 7110 
1 7114 
1 7141 
1 7186 
1 7188 
1 7218 
1 7240 
1 7306 
1 7377 
1 7379 
1 7390 
1 7400 
1 7447 
1 7461 
1 7472 
1 7488 
1 7525 
1 7532 
1 7536 
1 7546 
1 7547 
1 7564 
1 7597 
1 7605 
1 7608 
1 7617 
1 3594 
1 7675 
1 7681 
1 7702 
1 7720 
1 7752 
1 7782 
1 7807 
1 7816 
1 7856 
1 7895 
1 7899 
1 7947 
1 8027 
1 8086 
1 8209 
1 8292 
1 8300 
1 8307 
1 8386 
1 8410 
1 8463 
1 8477 
1 8481 
1 8491 
1 8569 
1 8597 
1 8675 
1 8680 
1 8688 
1 8710 
1 8716 
1 8741 
1 8796 
1 8845 
1 8855 
1 8857 
1 8893 
1 8926 
1 8932 
1 8939 
1 8958 
1 8997 
1 8999 
1 9006 
1 9028 
1 9058 
1 9113 
1 9128 
1 9129 
1 9143 
1 9177 
1 9249 
1 9280 
1 9294 
1 9295 
1 9299 
1 9301 
1 9303 
1 9305 
1 9308 
1 9334 
1 9350 
1 9395 
1 9400 
1 9409 
1 9421 
1 9440 
1 9452 
1 9458 
1 9521 
1 9548 
1 9582 
1 9634 
1 9641 
1 9647 
1 9657 
1 9673 
1 9697 
1 9807 
1 9819 
1 9835 
1 9856 
1 9857 
1 9956 
1 9976 
1 9992 
1 10004 
1 10034 
1 10049 
1 10094 
1 10121 
1 10123 
1 10164 
1 10175 
1 10192 
1 10206 
1 10207 
1 10220 
1 10222 
1 10228 
1 10296 
1 10304 
1 10372 
1 10405 
1 10420 
1 10427 
1 10430 
1 10462 
1 10509 
1 10547 
1 10572 
1 10589 
1 10620 
1 10642 
1 10661 
1 10667 
1 10674 
1 10683 
1 10738 
1 10764 
1 10770 
1 10803 
1 10835 
1 10842 
1 10851 
1 10858 
1 10864 
1 10868 
1 10895 
1 10897 
1 10941 
1 10974 
1 11006 
1 11015 
1 11133 
1 11155 
1 11158 
1 11203 
1 11239 
1 11240 
1 11242 
1 11245 
1 11291 
1 11323 
1 11457 
1 11458 
1 11464 
1 11534 
1 11547 
